Final Vector
887
1386
1084
923
1139
938
1007
1104
1239
1001
694
984
1133
1277
1332
1519
1109
1034
1020
968
1231
1233
1294
1328
1490
1330
1325
871
1030
822
783
1221
1302
1251
1106
999
951
959
1115
788
781
987
1339
747
1169
1158
911
1015
1232
1093
1078
1000
1038
1189
1003
946
1460
894
891
953
1543
981
767
1065
945
1325
1013
1030
941
1139
1131
950
1002
1219
1306
1246
998
916
938
1324
557
943
953
1184
691
920
737
1090
808
956
1088
824
1159
1169
1046
894
1097
1256
1596
1036
951
1243
1401
1129
788
774
950
1092
1082
1087
1142
1110
1185
1371
964
1295
821
989
887
948
1323
1105
1058
1353
983
977
1257
670
1197
1389
1091
707
997
1225
1025
771
1353
709
1140
712
824
1035
1195
1030
1204
1151
1177
876
982
1012
741
1081
885
1088
1153
942
892
699
984
1085
1138
1145
640
933
1379
1504
1057
1402
1110
909
1178
1221
1133
1082
1420
979
1314
1160
1283
995
907
1299
1024
692
875
1081
948
1528
1146
918
1208
1101
1256
825
1368
1217
1193
1069
1084
1054
1200
1213
952
1209
1087
1129
1100
805
646
1076
1084
1183
970
784
921
1186
1202
991
920
1377
1156
1148
999
931
1119
1254
1152
1348
869
1001
1104
912
1194
898
1000
499
1101
1280
1089
1521
1140
1146
926
649
1158
937
1306
909
1419
1277
1106
674
1264
884
886
1568
1081
749
1179
973
895
1061
798
1453
1157
937
1331
780
1118
906
1107
841
916
985
1179
1251
1256
902
575
1340
1511
1082
931
1132
921
740
905
797
901
1678
1292
1084
1240
867
941
728
707
810
931
1176
1282
1128
1233
727
1142
963
891
1064
1088
1747
774
773
916
885
1267
1063
1163
902
1178
857
936
1247
1097
1238
1193
1175
997
775
981
1050
677
1477
952
963
890
1139
831
693
885
1080
1201
1239
1255
939
904
886
1035
820
1213
1113
1320
1387
824
877
1489
903
1442
958
1035
1013
1371
1119
1114
1621
1245
859
1111
1154
1014
959
1208
1051
1093
1342
814
580
1489
1254
646
859
1145
1214
890
1037
931
994
1278
1015
866
1514
786
1080
1184
1516
870
1082
902
1079
984
621
1043
915
823
993
1040
1616
1040
1083
1385
1108
890
918
1164
1364
934
1073
1126
902
1198
866
969
867
910
1008
826
1344
1014
1098
795
1280
1070
1587
1095
1443
1416
1346
1123
1072
982
790
1031
1167
792
705
727
807
1037
1101
997
775
988
1255
770
939
1446
519
1009
1098
969
865
1179
1081
1004
1193
1023
983
1202
1629
1272
1080
894
985
1208
1533
1075
1183
1151
1064
912
988
791
1038
1143
1573
1187
1306
1341
1147
1096
1147
1144
942
1090
1273
1500
1069
1530
830
1304
1289
1207
674
1170
1240
1398
1007
874
1244
1006
1278
1523
805
1082
718
962
704
836
1346
1156
1100
1247
1211
1096
1504
1245
991
725
923
999
1367
1066
1207
840
951
853
1215
1038
698
1047
859
929
1336
719
976
766
960
1122
1125
915
965
1086
838
788
701
1033
1057
1313
1134
875
1142
901
636
1188
822
800
1028
1229
1270
1315
1200
999
1011
1331
1191
1372
762
694
834
1022
1268
1118
1022
827
797
1230
934
1042
954
1205
1404
1315
914
928
1032
955
1186
1263
1139
1075
1515
949
912
1202
866
1013
922
1263
942
1269
1018
1465
1205
970
951
1373
739
985
1290
733
932
954
968
1104
1254
963
715
942
1161
1147
1230
1300
1082
1337
1054
1343
1044
939
1308
1462
845
858
656
724
908
1323
821
1166
832
848
776
913
1559
1058
1123
1206
769
1473
954
982
1116
1278
832
909
1015
968
862
1218
1202
962
1046
1142
1301
882
1074
1110
1118
935
1175
1162
1216
1308
1297
1158
1129
1217
1415
842
1052
947
1046
1233
1377
1466
1207
1348
909
864
1045
1170
1142
1272
1063
938
1428
1613
979
1045
577
1140
1140
1272
939
870
1048
923
1414
1103
1091
1073
929
1285
1073
628
972
1073
1310
1096
1079
810
1081
588
812
957
981
1058
1089
825
1239
999
1130
1208
1465
864
1133
1259
658
1247
992
962
1087
1054
1149
1185
1204
716
1201
1008
975
1239
1091
1161
1155
958
1028
1310
1286
1094
685
1059
1036
1144
1070
1366
1099
1874
754
931
1375
786
1147
944
1074
1431
1230
1304
1166
969
1243
1102
1373
1114
1023
1241
1360
1117
1203
984
953
1134
1316
982
1379
921
926
798
1083
1067
1010
946
1318
1163
956
876
1034
1029
700
1177
1203
1107
718
1029
1064
1207
1040
770
920
1155
1507
846
832
1204
1066
958
1251
1147
1052
1154
1063
1233
1004
959
1259
865
1045
906
811
891
1337
1362
1308
1272
1070
1060
1152
1032
1142
1285
1578
1137
1254
983
993
778
1107
994
932
1434
1133
750
1031
912
1514
906
657
1140
1137
1042
932
997
1129
1141
1003
1382
1314
1262
1352
1056
1077
1185
1421
896
1209
972
932
828
1095
1378
921
707
996
1111
1101
853
1324
857
620
1205
1042
964
1284
952
936
904
897
846
1129
826
743
961
1021
1434
1199
919
1141
607
1166
1366
912
1047
1143
1450
778
1155
1333
1019
1057
1092
951
1066
1338
992
1082
858
1290
989
950
1004
700
1188
1223
1032
1002
1110
1094
1228
1133
1406
831
971
1410
1000
1077
1177
1165
1056
1109
697
1042
1279
1214
1293
1615
1338
1560
1543
1052
1401
1099
1185
1196
1299
1186
775
764
1023
1295
798
943
1639
1361
1259
1253
821
1301
918
1624
1155
1053
1012
1095
1448
1267
967
1394
1334
939
1159
1142
1098
934
924
664
1189
998
1300
1002
1213
876
958
1431
1270
1077
896
967
964
1350
1163
899
908
953
1024
1388
982
1293
942
1050
743
1215
1106
894
985
1259
1106
1143
995
1099
1108
873
767
928
1013
1429
956
807
1227
1225
1358
1074
1114
1080
1031
1329
1279
1051
931
1167
1027
1033
925
1220
1204
965
1202
1132
1396
1321
609
607
1343
808
1138
968
783
1312
1136
1204
1141
836
1063
1091
1177
1273
897
1384
1074
1336
1231
877
1065
984
1146
1172
1349
595
1340
1089
741
958
1070
1142
856
1311
777
909
1175
839
1117
1329
1124
1438
1260
1094
1188
1103
924
907
1417
998
1214
1057
1532
1085
1066
1207
1039
1064
1158
848
928
1152
725
1241
1106
1274
924
1137
1243
1009
987
1316
741
1601
1329
915
904
690
1048
1232
694
860
904
1165
864
1244
1103
886
738
1019
1129
825
1201
1211
984
1170
1132
578
1455
1255
981
883
1072
1499
681
1323
1351
941
825
1271
1614
1271
1331
1170
904
1373
816
889
1339
738
767
1183
1009
1025
934
995
1488
1149
916
1210
667
1024
1042
1278
1169
1311
1195
956
1020
1102
994
1577
1019
1206
1047
1108
1024
1130
1193
1241
1079
959
1220
969
1081
1373
906
762
1536
1128
1294
1430
992
1298
1058
1239
1480
1218
1379
1257
1160
1567
1189
953
853
1243
1402
1232
1291
1182
1265
951
1143
1175
835
968
1156
862
1262
1303
1556
1323
977
914
1157
1470
1204
1076
871
639
1357
1195
1141
1187
869
1238
955
707
865
871
1046
1224
971
955
1112
976
1258
923
1097
832
807
844
1348
785
834
1420
923
1041
961
1425
1180
893
1119
835
1099
1229
1020
1251
1122
1136
745
1009
1586
690
1072
768
946
802
923
1150
782
972
772
884
958
1205
1148
721
1355
823
856
1173
1052
923
963
868
1473
1251
907
1169
1317
1178
836
746
1128
1164
948
1223
1208
1152
1224
759
1053
1233
1069
1180
956
740
1014
1016
1251
914
1053
1019
1157
813
1039
1186
1267
854
1137
982
1283
1025
932
1122
1225
1126
1127
1097
1280
976
1314
1260
1468
1519
849
947
1102
1000
931
1464
1257
1229
1332
1006
1568
1446
870
758
833
1460
996
1562
957
1084
999
1209
938
1194
823
1041
1018
1109
766
1636
720
1020
1038
966
817
1087
1194
968
1051
1229
1172
1468
730
1220
1084
1462
1029
1483
813
811
990
1548
890
1352
976
955
1147
1000
1045
900
1393
986
901
1124
1281
788
1152
922
967
1550
1021
1005
1062
835
1117
1051
1072
1037
1111
1122
1239
1011
1202
1111
777
825
885
1307
769
1092
978
1196
1158
1130
1122
1075
1043
965
1330
766
1221
1175
1051
1132
975
1075
874
860
843
1272
858
963
967
964
960
873
799
757
751
1164
943
628
881
1143
1626
1117
1226
984
1112
753
1184
799
718
1255
969
1228
1192
1458
1376
1390
883
1232
596
882
1045
1261
1108
1358
792
1153
626
1097
1191
750
854
1116
819
930
1108
1054
658
823
1242
1006
880
1399
1077
1045
1654
949
973
1196
1396
1020
1180
810
897
1100
894
776
819
911
1205
1170
1108
842
1162
1406
1041
931
1080
1182
875
782
1422
1309
951
1185
1131
1083
1419
1089
837
930
946
1097
878
1205
739
1054
863
897
745
916
1204
1445
1085
1445
1042
1211
1002
1248
820
818
1043
1034
891
1152
912
980
712
1174
964
1278
973
943
1018
1032
824
1128
1443
822
1094
828
1052
1200
1054
1467
1026
1107
1043
1219
698
917
1366
1292
1233
1344
719
1152
974
617
911
1371
888
1181
960
1326
1193
1233
1031
1003
1011
912
1129
1353
1111
1000
1174
1058
927
1176
1034
730
1199
1104
1169
1205
1161
990
1367
922
1104
1582
1004
961
907
1019
1524
1105
1071
998
1044
1075
1225
949
866
1028
865
1776
880
1189
1086
1097
1040
1188
962
1282
1098
1138
1340
978
1194
1035
1097
1404
1140
1002
1320
996
1332
1076
1128
1011
1200
809
767
912
927
1316
781
1053
1095
1421
1181
981
1410
937
1309
1032
1267
1059
934
1073
904
1280
1026
1042
1013
787
1047
1526
1394
1306
1392
1418
845
922
959
800
1155
1873
1066
1135
927
1152
817
1023
1061
1205
1635
988
1244
1030
1089
1162
928
964
1307
980
1086
870
1117
552
933
852
852
870
1408
1375
950
1610
917
1051
850
941
906
975
1169
1102
925
1463
908
1065
1633
1255
1192
860
793
1306
1234
1123
1143
917
1006
1582
1400
1253
1068
1142
1189
1574
1301
838
784
1439
952
1143
1089
1291
1083
1482
1354
1179
1163
1233
1327
753
904
771
1115
1251
684
1008
1186
1085
804
1213
1028
1213
1184
1059
782
1118
1330
1194
1117
1261
719
1139
1057
1019
860
1275
876
1137
932
986
867
1313
1287
902
1281
1253
838
963
1181
1532
931
1302
1137
1139
1109
1331
905
747
839
1151
1118
1090
948
1189
1197
1272
1060
950
1007
747
1231
1199
1066
1016
1088
1056
1242
1157
1025
1172
828
1033
700
1094
1261
1271
1020
985
1044
744
1441
1621
1708
868
916
882
1023
944
965
1078
756
891
911
1425
1141
1013
1599
893
818
989
1074
1052
757
1175
1362
876
1005
1034
931
933
1010
1294
1345
1205
1018
982
1014
844
1680
701
1247
894
1019
912
834
798
1007
1306
1609
1389
1156
1014
1315
632
1347
865
944
1134
917
1341
1096
1027
1219
1361
955
1190
1084
1205
803
1536
1310
759
1353
1232
1072
818
1128
1279
